- Jet Lab

- Experiment date = 2021-11-12 10:09:37
- Number of samples in measure = 1
- Number of motor steps between measures = 2
- Measures count = 500

- adc12bit
1176
1168
1166
1167
1166
1160
1159
1173
1179
1174
1176
1169
1175
1175
1159
1171
1176
1168
1167
1170
1169
1161
1166
1168
1156
1160
1173
1176
1171
1171
1175
1159
1159
1164
1155
1168
1167
1159
1162
1151
1163
1163
1150
1163
1163
1166
1159
1167
1161
1168
1166
1153
1161
1151
1163
1166
1171
1167
1167
1163
1164
1170
1172
1169
1168
1171
1172
1167
1170
1165
1165
1155
1165
1158
1162
1163
1159
1150
1148
1148
1146
1156
1156
1163
1158
1157
1159
1147
1159
1156
1159
1162
1163
1162
1165
1150
1157
1156
1166
1161
1164
1166
1165
1164
1164
1151
1151
1145
1142
1161
1159
1157
1159
1158
1152
1148
1148
1146
1152
1158
1151
1149
1152
1145
1138
1136
1141
1148
1147
1148
1144
1150
1144
1144
1133
1139
1147
1136
1154
1144
1138
1135
1148
1143
1140
1139
1134
1150
1148
1145
1145
1151
1139
1135
1142
1140
1149
1147
1152
1155
1147
1153
1142
1142
1146
1142
1138
1130
1144
1139
1128
1143
1143
1143
1145
1140
1150
1139
1141
1141
1130
1128
1142
1140
1141
1140
1134
1136
1143
1139
1142
1144
1142
1142
1132
1136
1142
1128
1125
1124
1132
1140
1143
1141
1143
1145
1142
1132
1139
1145
1145
1139
1129
1141
1140
1139
1131
1139
1139
1137
1132
1136
1141
1144
1143
1146
1142
1144
1143
1140
1146
1144
1140
1145
1139
1132
1128
1138
1141
1138
1145
1148
1143
1147
1149
1144
1148
1147
1153
1147
1148
1145
1144
1149
1144
1148
1144
1148
1138
1146
1144
1136
1139
1142
1133
1150
1158
1153
1148
1155
1146
1146
1152
1142
1149
1151
1151
1154
1139
1151
1152
1148
1139
1136
1140
1135
1138
1141
1134
1137
1139
1132
1140
1127
1136
1132
1136
1137
1123
1132
1120
1123
1121
1120
1131
1138
1132
1136
1136
1136
1136
1136
1142
1132
1135
1125
1132
1136
1133
1148
1144
1153
1141
1152
1146
1147
1147
1147
1149
1145
1137
1142
1143
1146
1140
1144
1141
1139
1144
1133
1145
1151
1152
1152
1153
1145
1149
1138
1133
1134
1131
1140
1136
1128
1130
1124
1138
1132
1134
1139
1143
1140
1131
1140
1139
1144
1144
1147
1143
1144
1146
1142
1135
1139
1139
1144
1136
1130
1140
1137
1141
1140
1140
1147
1148
1150
1144
1143
1150
1133
1140
1131
1133
1145
1131
1129
1127
1124
1134
1132
1131
1133
1133
1136
1142
1144
1152
1145
1147
1148
1147
1146
1143
1148
1147
1143
1144
1137
1132
1141
1136
1128
1136
1146
1147
1150
1143
1145
1141
1142
1144
1132
1131
1129
1137
1130
1125
1130
1141
1143
1135
1132
1139
1135
1136
1131
1131
1137
1132
1123
1122
1130
1132
1120
1124
1132
1126
1132
1136
1139
1144
1143
1139
1138
1140
1137
1137
1127
1132
1138
1133
1135
1140
1142
1126
1131
1135
1145
1146
1143
1141
1137
1134
1134
1137
1131
1143
1143
1136
1137
1133
1127
1136
1126
1139
1136
1128
1124
1131
1135