- Jet Lab

- Experiment date = 2021-11-12 10:58:40
- Number of samples in measure = 100
- Number of motor steps between measures = 2
- Measures count = 100

- adc12bit
822
880
880
878
880
883
881
879
880
879
883
880
876
876
879
880
879
878
880
878
882
880
876
881
881
881
880
877
880
877
880
881
882
887
876
881
884
876
877
880
875
881
876
871
883
876
880
870
873
878
877
868
883
880
884
882
882
881
880
876
881
876
880
876
879
879
880
885
842
882
878
882
881
876
880
877
881
878
876
876
880
880
879
876
876
877
883
877
875
881
876
879
878
879
879
880
875
876
877
876
3239
3125
3188
3156
3127
3148
3127
3177
3087
3208
3200
3218
3224
3216
3166
3259
3264
3189
3224
3296
3346
3236
3256
3191
3203
3248
3332
3292
3268
3218
3200
3360
3328
3288
3248
3272
3342
3322
3168
3340
3208
3256
3388
3224
3236
3270
3282
3256
3200
3243
3183
3219
3220
3255
3296
3185
3301
3316
3358
3360
3238
3164
3315
3264
3236
3240
3196
3200
3256
3282
3230
3318
3142
3184
3321
3280
3192
3246
3280
3273
3283
3248
3200
3227
3204
3188
3168
2827
2580
2051
1776
1354
968
913
891
892
887
880
880
884
