- Jet Lab

- Experiment date = 2021-11-12 11:01:26
- Number of samples in measure = 100
- Number of motor steps between measures = 2
- Measures count = 100

- adc12bit
1404
1487
1413
1390
1435
1516
1562
1726
2106
2272
2515
2659
2934
3043
3069
3158
3263
3260
3228
3196
3161
3256
3184
3220
3252
3354
3288
3180
3272
3316
3193
3304
3296
3234
3248
3276
3248
3300
3187
3284
3264
3244
3312
3204
3237
3278
3296
3264
3200
3256
3320
3216
3228
3224
3176
3245
3236
3243
3256
3180
3206
3270
3264
3294
3248
3206
3236
3356
3284
3232
3350
3264
3256
3234
3156
3282
3204
3228
3268
3138
3156
3180
3080
3020
3010
3052
2856
2697
2467
2886
2598
2504
2420
2250
1928
2130
1591
1495
1344
1308
