- Jet Lab

- Experiment date = 2021-11-12 11:06:47
- Number of samples in measure = 100
- Number of motor steps between measures = 2
- Measures count = 100

- adc12bit
1164
1199
1321
1432
1328
1358
1259
1279
1274
1300
1408
1476
1712
1508
1618
1867
2000
1909
2068
2368
2304
2305
2528
2722
2508
2834
2828
2904
2928
3083
3002
2996
3046
3179
3133
3202
3204
3252
3356
3256
3315
3288
3256
3298
3283
3282
3216
3296
3224
3306
3256
3187
3261
3224
3212
3356
3269
3207
3206
3190
3227
3152
3329
3240
3250
3246
3248
3244
3340
3169
3205
3182
3188
3282
3240
3118
3139
3116
2992
3156
2980
3046
2810
2840
2907
2705
2619
2690
2620
2552
2680
2550
2224
2211
1979
2292
1980
1973
1906
1844
