- Jet Lab

- Experiment date = 2021-11-12 11:08:24
- Number of samples in measure = 100
- Number of motor steps between measures = 2
- Measures count = 100

- adc12bit
974
955
952
939
1014
915
1033
1023
879
1120
1103
1063
1065
1194
1150
1163
1041
1060
1348
1299
1388
1368
1298
1424
1560
1480
1468
1786
1740
1746
1460
1956
1848
2147
2142
2349
2248
2312
2560
2330
2483
2633
2584
2722
2752
2795
2888
2934
2895
2983
2838
3025
2951
3160
3036
3128
3128
3160
3106
3190
3215
3160
3180
3200
3300
3283
3359
3225
3256
3448
3276
3140
3272
3307
3187
3252
3347
3360
3216
3144
3200
3268
3208
3240
3116
3168
3184
3080
3028
3004
2924
2668
2812
2905
2669
2700
2667
2456
2375
2481
