- Jet Lab

- Experiment date = 2021-11-12 11:10:31
- Number of samples in measure = 100
- Number of motor steps between measures = 2
- Measures count = 100

- adc12bit
1334
1181
1495
1398
1477
1450
1200
1480
1379
1292
1320
1564
1512
1449
1476
1505
1625
1504
1607
1681
1720
1697
1827
1581
1788
1944
2088
2158
1920
1984
2195
2094
2232
2227
2228
2216
2268
2305
2552
2473
2566
2440
2785
2904
2663
2688
2774
2919
2912
2785
2827
2880
2823
2920
3021
2964
3097
3024
3008
3057
3008
3091
3144
3152
3052
3180
3056
3016
3128
3136
3088
3236
3148
2974
3120
2928
2928
2964
2784
2939
2880
2744
2696
2792
2596
2606
2702
2800
2606
2432
2456
2188
2422
2324
2356
2215
2275
2226
1952
2196
1683
1649
1536
1518
1495
1535
1698
1641
1568
1587
1668
1822
1852
1932
1912
1810
1907
1996
1870
1928
1953
2025
2299
1983
2118
2176
2440
2432
2389
2513
2536
2379
2690
2744
2560
2800
2760
2779
2778
2866
2912
2984
2892
2929
2913
3027
3016
2966
2972
3060
3136
2981
2937
3056
3145
3161
3011
3135
3151
3112
3072
3052
3089
2848
2940
2950
2880
2936
2866
2800
2852
2674
2892
2820
2624
2776
2628
2688
2588
2364
2384
2176
2394
2483
2304
2160
2144
1812
1850
2016
2022
1728
1842
1770
1795
1788
1657
1862
1629
1582
