- Jet Lab

- Experiment date = 2021-11-12 11:12:13
- Number of samples in measure = 100
- Number of motor steps between measures = 2
- Measures count = 100

- adc12bit
1465
1664
1511
1568
1676
1603
1778
1514
1684
1468
1664
1706
1688
1688
1699
1801
1774
1794
1756
1780
1934
1965
2211
2056
1981
2215
2038
1996
2240
2130
2214
2291
2144
2414
2296
2407
2340
2396
2352
2442
2560
2576
2432
2569
2688
2652
2504
2728
2649
2726
2575
2680
2960
2800
2844
2792
2670
2912
2794
2654
2776
2684
2592
2626
2568
2700
2498
2692
2496
2434
2374
2287
2516
2416
2336
2156
2408
2000
2078
2140
2092
2089
2235
1953
2126
2073
2072
1859
1900
1864
1744
1576
1729
1856
1662
1735
1696
1596
1609
1692
