- Jet Lab

- Experiment date = 2021-11-12 11:14:13
- Number of samples in measure = 100
- Number of motor steps between measures = 2
- Measures count = 100

- adc12bit
1457
1388
1679
1298
1520
1620
1673
1441
1566
1486
1447
1433
1610
1768
1536
1547
1705
1588
1800
1706
1682
1654
1864
1680
1650
1648
1945
2053
1920
1980
1987
2104
2009
2080
2094
2212
2136
2288
2320
2328
2432
2172
2296
2451
2210
2552
2488
2190
2391
2476
2400
2479
2378
2352
2337
2586
2444
2336
2315
2360
2349
2265
2357
2356
2308
2420
2249
2336
2336
2240
2276
2142
2308
1870
2112
2348
1920
2284
2028
1672
1902
1989
1928
1859
1768
1896
1885
1824
1940
1920
1752
1711
1612
1649
1556
1731
1727
1671
1587
1423
1409
1515
1574
1390
1466
1536
1553
1452
1416
1612
1648
1680
1583
1560
1603
1844
1558
1856
1871
1906
1844
1856
2092
1827
2119
1976
2144
1881
2000
2032
2108
2393
2178
2288
2356
2179
2414
2417
2268
2307
2276
2200
2456
2347
2432
2306
2580
2433
2402
2393
2418
2503
2491
2386
2383
2470
2354
2246
2520
2464
2352
2386
2368
2341
2258
2170
2356
2273
2084
1980
2200
1922
2062
2132
1987
2139
2072
1933
1697
1943
2040
1708
1868
1828
1489
1628
1902
1616
1636
1657
1532
1480
1597
1472
1415
1327
1358
1491
1440
1307
