- Jet Lab

- Experiment date = 2021-11-12 11:15:24
- Number of samples in measure = 100
- Number of motor steps between measures = 2
- Measures count = 100

- adc12bit
1171
1174
1256
1268
1222
1324
1105
1307
1406
1208
1234
1251
1229
1351
1399
1345
1298
1267
1502
1492
1452
1467
1366
1412
1588
1548
1403
1566
1630
1544
1606
1456
1568
1536
1635
1676
1546
1704
1544
1656
1715
1708
1831
1772
1835
1720
1631
1856
2004
1752
1939
1958
1771
2001
1972
2136
2198
2044
1952
2115
2020
2060
2166
2224
2182
2192
2294
1994
2150
2180
2050
2076
2099
2153
2120
2148
2272
2036
1956
1848
1848
2080
1948
2008
2107
2048
1780
2016
1907
2196
1606
1891
1762
1840
1916
1778
1916
1840
1776
1888
