- Jet Lab

- Experiment date = 2021-11-12 10:05:41
- Number of samples in measure = 1
- Number of motor steps between measures = 2
- Measures count = 500

- adc12bit
862
860
846
849
839
851
839
849
840
844
848
838
836
832
831
835
836
838
840
839
838
837
842
834
835
838
838
831
827
829
836
842
828
839
835
840
826
836
827
832
835
834
836
832
823
831
828
832
836
831
823
824
823
831
834
827
816
831
830
830
833
819
824
829
826
826
828
825
826
832
837
821
828
823
816
834
828
812
824
824
825
829
818
822
821
821
811
811
826
824
825
823
812
825
826
835
822
814
816
820
832
827
813
817
827
831
814
819
825
824
822
825
830
827
824
821
828
829
816
824
822
829
835
816
828
821
823
830
838
818
823
837
839
828
826
832
827
827
834
817
824
821
827
830
828
822
828
824
830
834
829
825
828
831
831
829
829
827
828
833
831
825
825
826
829
823
823
830
834
828
828
836
826
820
829
835
827
830
827
831
816
819
827
821
829
828
816
814
822
824
831
832
818
822
832
831
831
817
826
824
828
825
827
818
828
830
831
827
828
829
824
820
825
828
828
831
818
815
822
826
812
821
822
828
825
813
823
824
830
823
812
820
825
827
820
817
817
819
830
826
821
828
826
826
812
812
816
821
826
822
825
811
822
823
823
830
832
826
822
827
827
817
825
823
823
817
825
825
830
824
831
828
831
831
829
823
833
828
831
815
832
831
827
830
831
831
818
817
827
834
818
820
825
830
824
814
831
831
830
831
821
831
822
831
832
832
830
836
830
831
828
821
824
833
837
835
831
831
823
835
830
831
831
823
832
830
839
833
835
833
831
815
825
817
832
827
829
829
827
820
824
825
816
830
825
829
826
822
825
831
828
826
822
827
815
826
820
822
828
831
831
831
836
835
834
828
820
828
829
829
824
832
832
833
819
816
826
830
821
823
828
831
831
821
829
830
824
830
827
825
820
826
824
830
832
830
829
828
831
827
816
818
821
815
819
816
816
831
827
825
832
830
834
830
832
833
836
829
819
819
819
819
825
825
831
827
826
819
828
813
816
827
817
830
820
822
829
832
818
812
827
830
826
829
825
828
826
833
833
832
831
833
833
831
821
826
817
817
826
819
827
830
816
827
824
825
832
815
824
814
824
832
820
831
831
829
832
832
819
831
828
829
821
830
835
831
830
830
831
821
819
830
827
832
836
833
831
838
832
833
