- Jet Lab

- Experiment date = 2021-11-19 09:31:34
- Number of samples in measure = 100
- Number of motor steps between measures = 7
- Measures count = 100

- adc12bit
968
1019
1015
1022
1020
1024
1020
1015
1025
1019
1014
1024
1013
1016
1012
1021
1017
1024
1020
1025
1017
1020
1014
1022
1011
1015
1014
1016
1019
1024
1020
1017
1024
1020
1018
979
1017
1015
1017
1016
1024
1017
1020
1016
1021
1024
1013
1016
1022
1016
1017
1017
1016
1012
1018
1016
1020
1020
1026
1021
1031
1024
1013
1014
1016
1024
1018
1031
1020
1027
1016
1000
982
1024
1018
1024
1024
1020
1019
1025
1020
1024
1024
1027
1026
1024
1025
1024
1027
995
1017
1019
1017
1024
1024
1024
1025
1030
1027
1029
970
1016
1006
1020
1024
1014
1021
1024
1019
1026
1026
1020
1020
1024
1016
1024
1014
1021
1020
1025
1013
1012
1016
1012
1012
1017
1017
1019
1010
1012
1016
1016
1014
1556
3056
3284
3470
3524
3532
3480
3468
3396
3504
3392
3424
3520
3532
3404
3372
3372
3500
3420
3456
3602
3537
3458
3442
3522
3260
2027
1024
1016
1014
1016
1012
1017
1013
1024
1009
1015
1017
1016
1012
1017
1024
1024
1017
1024
1021
1024
1015
1018
1024
1027
1016
1016
1008
1014
1024
1015
1012
1019
1016
1010
1012
1012
1010
1011
1008
1016
