- Jet Lab

- Experiment date = 2021-11-19 09:34:02
- Number of samples in measure = 100
- Number of motor steps between measures = 7
- Measures count = 100

- adc12bit
972
1011
1014
1015
1001
1018
1018
1018
1014
1030
1015
1026
965
1025
1011
1012
1012
1020
1036
1018
1020
1024
1016
1013
1011
1024
1024
1054
1357
1891
2832
3302
3416
3491
3440
3601
3488
3488
3500
3433
3432
3472
3496
3424
3490
3448
3480
3428
3592
3488
3468
3460
3556
3504
3144
2004
1585
1394
1277
1162
1094
1017
1017
1024
1024
1024
1017
1029
1017
1016
1026
1016
1020
1024
1013
1018
1020
1024
1027
1024
1024
1024
1017
1024
1024
1024
1022
1016
1012
1024
966
1020
1012
1025
1009
1020
1016
1016
1017
1018
960
1014
1011
1015
1019
1020
1012
1029
1011
1024
1024
1019
1016
1014
1008
1008
1009
1009
1016
1013
1009
1017
1012
1005
1014
1012
1055
1144
1858
2562
3360
3460
3488
3592
3480
3524
3520
3505
3488
3449
3411
3480
3469
3424
3372
3487
3524
3424
3448
3436
3480
3526
3420
3136
2740
2000
1510
1304
1201
1149
1020
1016
1014
1017
1020
1019
1019
1022
1012
1019
1016
1010
1014
1015
1016
1014
1008
1016
1008
1016
1016
1019
1011
1014
1010
1021
1009
1012
1016
1015
1020
1010
1016
1014
1012
1014
1014
1009
1012
1018
971
1014
1019
1005
1014
1018
1019
1024
1014
1024
1020
1011
1016
1018
1017
1013
1011
1022
1013
1009
1011
1016
1014
1019
1012
1009
1013
1008
1018
1018
1024
1024
1016
1042
1324
2168
3216
3400
3497
3520
3504
3492
3400
3392
3548
3608
3536
3556
3587
3384
3464
3496
3520
3516
3428
3456
3428
3432
3482
3464
3432
2852
1920
1411
1212
988
1013
1017
1014
1012
1013
1024
1016
1010
1006
1014
1016
1017
1004
1018
1024
1017
1024
1014
1013
1014
1008
1021
1014
1021
1014
1012
1012
1013
1016
1012
1011
1024
1024
1018
963
1009
1012
1016
1022
1019
1017
1016
1016
1024
1024
1024
1016
1016
1016
1014
1020
1016
1013
1027
1024
1020
1024
1024
1018
1015
1013
1007
1016
1000
1113
1168
2132
2936
3392
3476
3571
3502
3544
3600
3440
3456
3476
3435
3490
3424
3424
3424
3463
3500
3449
3412
3465
3420
3484
3420
3528
3457
3102
2356
1526
1280
1126
1062
1004
1016
1010
1016
1016
1017
1017
1032
1015
1020
1012
1004
1013
1014
1025
1021
1016
1015
1025
1013
1013
1016
1014
1018
1012
1017
1024
1022
1012
1024
1016
1015
1018
1020
1017
1026
