- Jet Lab

- Experiment date = 2021-11-19 09:35:33
- Number of samples in measure = 100
- Number of motor steps between measures = 7
- Measures count = 100

- adc12bit
963
1006
1008
1015
1007
1008
1015
1016
1010
1010
1018
1018
1012
1006
1006
1000
1020
1016
1018
1013
1010
1016
1019
1014
1018
1020
1005
1006
1022
1036
1048
1039
1085
1025
1089
1220
1628
2048
2152
2553
2738
3044
3328
3304
3480
3424
3514
3480
3426
3520
3456
3436
3436
3426
3504
3400
3456
3408
3188
3080
3300
2880
2788
2546
1736
1556
1545
1225
1235
1054
1088
1036
1040
1014
1021
1020
1008
1013
1010
1017
1015
1012
1012
1018
1012
1014
1014
1016
1016
1016
1012
1006
1016
1008
1012
1020
1012
1006
1008
1012
969
1019
1017
1016
1011
1018
1017
1024
1020
1018
1020
1015
1008
1016
1016
1021
1019
1015
1024
1018
1016
1017
1016
1016
1025
1024
1011
1016
1009
1011
1006
1006
1010
978
1011
1012
1010
1009
1000
1011
1017
1016
1049
972
1113
1103
1179
1148
1352
1622
2022
2222
2552
2956
3310
3473
3440
3496
3494
3560
3472
3472
3456
3520
3622
3496
3460
3500
3424
3434
3368
3028
2624
2440
2340
2179
1812
1468
1324
1235
1096
1058
1036
1024
1016
1009
1003
968
1012
1007
1012
1015
1017
1012
1012
1008
1012
967
1006
1020
962
1016
1016
1016
1016
1014
1012
1014
1028
1028
1024
1024
1016
1010
1002
1016
1016
1016
1014
1018
1015
1025
1018
1026
1018
1026
1014
1009
1009
1012
1011
1004
1018
1008
1016
1012
1010
1003
1006
1012
1011
1012
1005
1045
968
1040
1078
1075
1116
1288
1460
1728
2232
2612
2840
3144
3280
3628
3318
3522
3464
3404
3488
3456
3448
3504
3510
3436
3440
3288
3312
3092
2752
2461
2262
2100
1756
1578
1600
1244
1096
1080
1052
1036
1038
1016
1020
1009
1016
1012
1014
1017
1010
1024
1009
1014
1012
1021
1008
1013
