- Jet Lab

- Experiment date = 2021-11-19 09:36:54
- Number of samples in measure = 100
- Number of motor steps between measures = 7
- Measures count = 100

- adc12bit
971
1020
1012
1014
1009
1014
1008
997
1016
1014
1008
1017
1018
1011
1014
1012
1010
1020
1019
1016
1016
1018
1013
1018
1017
1024
1007
1008
1005
1008
1005
1006
1008
1011
1005
1016
1009
1012
1016
1016
1009
1019
1012
1017
1016
1020
1024
1024
1013
1024
1014
1018
1012
1025
1008
1011
1016
1024
1024
1020
1014
1013
1030
1026
1032
1024
1016
1016
1016
1011
1011
1016
1016
1008
1009
1018
1008
1010
1016
1012
1014
1016
1016
1014
1013
1011
1010
1021
1009
1016
1017
1016
1012
1018
1008
1013
1016
1013
1012
1017
957
1014
1011
1018
1009
1018
967
1017
1008
1016
1018
1016
1010
1014
1019
1014
1017
1012
1024
1024
1024
1028
1024
1020
1020
1011
1034
1012
997
1025
1016
1050
1077
1027
1038
1059
1190
1203
1398
1314
1520
1674
2152
2104
2468
2713
2919
2952
2944
3212
3177
3329
3424
3427
3552
3412
3440
3507
3480
3356
3248
3256
3112
2995
2704
2896
2314
2104
1893
1774
1644
1469
1386
1387
1184
1091
1074
1048
1061
1051
1042
1026
1026
1013
1008
1012
1015
1005
1017
1008
1004
1009
1010
1015
1008
1019
1012
1016
999
1013
