- Jet Lab

- Experiment date = 2021-11-19 09:38:24
- Number of samples in measure = 100
- Number of motor steps between measures = 7
- Measures count = 100

- adc12bit
962
1011
1008
1016
1012
1019
1010
1006
1020
1017
1024
1016
1012
1008
1012
1020
1028
1048
1048
1048
1038
1090
1145
1094
1117
1162
1107
1187
1267
1352
1497
1592
1644
1880
1850
2084
2222
2307
2380
2584
2913
3020
3022
3232
3168
3204
3416
3397
3424
3316
3076
3208
2992
2916
2908
2552
2360
2274
2200
1968
1872
1609
1436
1576
1412
1213
1197
1276
1140
1142
1088
1126
1065
1090
1016
1033
1016
1020
1019
1017
1008
961
1028
1015
1016
1024
1008
1016
1018
1009
1014
1014
1012
1024
1016
1024
1012
1013
1015
1012
961
1024
1017
1016
1020
1024
1020
1016
1018
1020
1020
1016
1025
1014
1010
967
1027
1014
1048
1081
1048
1080
1120
1104
1155
1126
1116
1294
1364
1404
1593
1472
1794
1922
2278
2344
2504
2320
2584
2674
3016
3080
3012
3236
3312
3416
3380
3354
3236
3392
3152
3041
2952
2992
2706
2757
2480
2264
1940
1834
1706
1632
1448
1516
1244
1456
1164
1176
1152
1088
1094
1032
1024
1027
1014
1016
1020
1024
1012
1013
1008
1012
1006
1025
1006
1007
1012
1019
1017
1007
1017
1008
1016
1017
1017
1014
1014
1016
1017
1013
961
1012
1005
1012
1017
1017
1024
1018
1016
1026
1016
1024
999
1018
1005
1024
1005
1016
1008
1043
1058
1128
1054
1121
1154
1178
1222
1179
1244
1292
1496
1363
1840
1712
1889
2144
2102
2528
2444
2544
3033
3212
3170
3208
3328
3388
3440
3461
3312
3256
3194
3148
2753
2688
2472
2400
2392
2016
1939
1868
2000
1612
1523
1414
1269
1210
1193
1152
1104
1064
1086
1056
1097
1025
1029
1032
1032
1024
1008
1006
1016
1012
1016
1004
1012
1009
1009
1014
1006
1010
1008
1011
1008
1011
1009
1013
1010
1011
1008
1017
