- Jet Lab

- Experiment date = 2021-11-19 09:39:37
- Number of samples in measure = 100
- Number of motor steps between measures = 7
- Measures count = 100

- adc12bit
953
1014
1006
1008
1009
1015
1024
1011
1016
1016
1017
1013
1016
1017
1008
1015
1006
1006
1008
1018
1046
1017
1027
1068
1108
1024
1072
1044
1078
1140
1100
1127
1238
1354
1333
1564
1490
1348
1606
1836
1589
2060
2064
2102
2448
2336
2650
2468
2827
2958
2864
3168
3232
3216
3056
3104
3088
2896
2796
2668
2578
2496
2200
2128
1920
1712
1890
1705
1425
1552
1394
1447
1325
1218
1331
1129
1112
1048
1096
1114
1024
1060
1012
1024
987
1014
1024
1029
1008
1016
1010
1022
1013
1016
1016
1016
1012
1009
1014
1010
949
999
1017
1008
1016
1011
1014
1018
1024
1026
1012
1032
1013
1011
1006
1022
1015
1016
1019
1032
1032
1044
1030
1044
1080
1060
1149
1121
1131
1166
1216
1204
1246
1299
1442
1479
1574
1612
1846
1910
1924
2202
2128
2304
2414
2674
2720
2888
2664
3008
3128
3088
3232
3236
3062
3020
2880
2880
2712
2496
2520
2268
1987
2172
1780
1729
1642
1530
1596
1352
1424
1170
1289
1176
1170
1148
1139
1089
1034
1041
1035
1057
1024
1012
1004
1024
1001
1000
1003
1011
1002
1018
1005
1014
1013
1009
1013
1010
1008
1013
