- Jet Lab

- Experiment date = 2021-11-19 09:41:27
- Number of samples in measure = 100
- Number of motor steps between measures = 7
- Measures count = 100

- adc12bit
949
1019
990
1015
1004
1018
1008
1008
1014
1008
1016
1016
1008
1034
1029
1020
1051
1040
1048
1052
1096
1091
1096
1120
1091
1066
1140
1145
1272
1216
1282
1264
1368
1572
1412
1658
1690
1744
1862
1848
1994
2145
2304
2248
2368
2676
2628
2672
2844
2913
3021
2798
2702
2620
2544
2663
2456
2202
2176
2128
2003
1868
1716
1697
1670
1542
1522
1414
1388
1152
1256
1188
1240
1152
1203
1152
1109
1024
1063
1051
1026
1033
1000
1032
1011
1008
1001
1004
1014
1010
1003
1006
1012
1006
1008
1010
1005
1013
1005
1009
964
1015
1036
1012
1009
999
1004
1016
1016
1018
1017
1027
1012
1028
1011
1024
1046
1116
1050
1194
1130
1152
1100
1096
1193
1202
1253
1287
1218
1184
1376
1474
1676
1716
1783
1760
1952
1884
1996
2199
2164
2360
2472
2689
2672
2740
2880
2951
2970
2984
2865
2930
2658
2459
2348
2352
2266
2218
2060
2010
1768
1843
1819
1538
1560
1420
1339
1443
1264
1291
1225
1192
1129
1076
1075
1142
1108
1133
1024
1027
1053
1073
1034
996
1002
1014
1008
1016
1010
1016
1004
1014
1003
1004
1012
1009
1008
1014
1010
1001
967
1021
1016
1016
1017
1018
1027
1017
1018
1009
1024
1016
1018
1027
1028
1048
1100
1024
1078
1024
1056
1144
1138
1267
1160
1220
1256
1402
1199
1303
1452
1496
1712
1376
1718
1840
1948
1998
2268
1884
2161
2240
2450
2684
2490
2592
2724
2688
2918
2698
2808
2752
2640
2802
2492
2491
2434
2220
1852
1805
1984
1760
1720
1551
1504
1482
1386
1299
1273
1264
1222
1282
1132
1037
1032
1088
1070
1056
1012
1017
1040
1001
1020
1007
1010
1027
1008
1017
996
1016
1010
1007
1009
1009
1013
1005
1009
1008
1009
1012
952
1014
1015
1010
1014
1012
1020
982
1008
1019
1018
1014
1029
1024
1014
1052
1058
1050
1066
1063
1156
1092
1142
1188
1248
1159
1258
1302
1204
1326
1413
1534
1415
1532
1560
1728
1608
1856
1852
1944
2146
2419
2414
2514
2652
2816
2978
2604
2788
2697
2848
2825
2800
2505
2396
2336
2132
2038
1872
1840
1842
1760
1728
1798
1440
1349
1412
1312
1292
1360
1172
1187
1082
1040
1073
1062
1071
1036
1024
993
1032
972
1009
1007
1000
1009
1009
1001
1004
1016
1004
1009
1008
1013
1012
1018
1010
1015
1008
1013
963
1009
1016
1010
1010
1020
1018
1016
1024
1028
1011
1041
1019
979
1013
1033
1052
1024
1057
1078
1057
1102
1085
1096
1092
1124
1291
1289
1268
1348
1390
1365
1497
1616
1542
1728
1858
1996
2080
2188
2212
2416
2432
2604
2754
2556
2762
2696
2791
2886
2804
2882
2580
2504
2592
2464
2088
2251
2148
1984
1874
1752
1734
1645
1626
1520
1304
1388
1265
1335
1282
1241
1131
1168
1152
1136
1116
1041
1057
1090
1030
1012
1013
1012
1012
1028
1006
1005
1004
1010
1008
1006
1014
999
1006
1012
996
1013
1013
1016
