- Jet Lab

- Experiment date = 2021-11-19 09:42:40
- Number of samples in measure = 100
- Number of motor steps between measures = 7
- Measures count = 100

- adc12bit
958
1020
1019
1008
1005
1020
1024
1024
1024
1056
1028
1024
1026
1052
1016
1080
1052
1050
1092
1091
1064
1089
1096
1191
1235
1208
1276
1297
1189
1408
1504
1411
1516
1440
1512
1624
1700
1587
1846
1930
1924
1840
2068
2099
2222
2456
2376
2544
2240
2544
2602
2496
2468
2122
2455
2168
2229
2028
2052
1824
1786
1768
1634
1547
1444
1432
1362
1452
1408
1348
1154
1216
1192
1202
1104
1005
1101
1065
1008
1026
1000
1008
1058
1038
1024
1016
1012
1024
1019
1010
1016
1016
1024
1006
1003
1008
1010
1011
1011
1011
