- Jet Lab

- Experiment date = 2021-11-21 19:45:22
- Number of samples in measure = 1
- Number of motor steps between measures = 7
- Measures count = 500

- adc12bit
860
851
856
852
860
862
857
859
864
857
860
856
854
862
854
858
860
858
848
853
857
859
856
859
858
854
855
862
860
856
852
860
852
860
851
852
849
857
856
851
852
860
853
851
854
850
809
854
846
856
853
851
850
857
848
852
849
844
852
848
852
851
843
858
848
856
852
860
851
849
860
856
853
860
851
851
851
849
853
856
850
859
852
860
846
842
849
848
844
847
817
854
858
850
844
852
840
853
857
856
846
854
849
853
869
868
867
867
874
876
878
967
936
1016
864
981
930
952
1048
1088
1157
1012
1176
1396
1284
1348
1287
1430
1409
1310
1600
1620
1832
1685
1873
1824
1888
2028
2085
2084
2198
2160
2360
2212
2344
2103
2229
1940
1763
2115
1949
1846
1591
1704
1495
1400
1290
1358
1206
1076
1086
1073
1318
1139
977
925
869
937
1005
886
894
870
866
804
844
852
848
849
849
848
854
858
859
849
852
856
860
856
856
866
