- Jet Lab

- Experiment date = 2021-11-21 19:46:31
- Number of samples in measure = 1
- Number of motor steps between measures = 7
- Measures count = 500

- adc12bit
857
862
856
857
847
855
855
851
855
853
855
856
847
849
851
857
852
860
851
857
851
854
840
848
849
854
848
852
850
854
855
807
855
860
848
852
850
853
852
853
850
851
856
855
856
852
852
851
845
850
846
851
843
854
844
859
848
854
858
853
858
846
843
852
848
849
851
859
851
856
848
859
850
844
851
836
856
850
855
850
852
842
838
859
822
856
845
849
852
849
845
848
859
850
844
856
825
859
864
857
846
863
852
866
856
857
890
858
876
909
892
905
892
868
882
887
936
921
952
945
914
964
975
1005
960
1088
1012
1206
1003
1256
1196
1278
1431
1234
1532
1450
1588
1524
1657
1558
1862
1675
1916
1880
1984
1937
2284
1992
1912
1887
1827
2068
2062
1912
1794
1601
1761
1848
1672
1496
1420
1345
1313
1376
1316
1243
1015
1114
990
1100
998
1048
1138
928
910
908
880
927
967
870
879
851
848
792
868
874
850
847
838
855
