- Jet Lab

- Experiment date = 2021-11-21 19:48:08
- Number of samples in measure = 1
- Number of motor steps between measures = 7
- Measures count = 500

- adc12bit
846
858
853
857
811
852
864
856
850
852
856
856
859
850
854
853
854
861
856
857
851
850
856
853
855
856
856
849
856
854
852
846
855
850
850
860
859
858
854
851
856
811
849
852
854
846
851
848
852
848
841
853
838
856
848
847
844
844
854
846
850
852
852
846
846
854
850
862
848
852
847
845
847
849
858
852
856
848
850
844
834
851
852
856
850
861
849
855
848
851
846
844
845
844
848
799
846
846
852
860
897
869
884
876
883
867
886
864
880
877
956
907
915
1012
1148
931
924
981
1062
1020
979
1124
1078
1182
1143
1214
1428
1200
1252
1300
1305
1331
1472
1571
1626
1517
1651
1752
1629
1895
1674
1676
1588
1761
1713
1972
1728
1729
1932
1760
1600
1536
1681
1554
1540
1542
1394
1298
1572
1176
1258
1304
1132
1054
1099
1008
1101
944
1008
991
948
1008
902
923
900
868
854
857
857
882
912
861
862
857
848
859
860
856
848
843
