- Jet Lab

- Experiment date = 2021-11-21 19:49:16
- Number of samples in measure = 1
- Number of motor steps between measures = 7
- Measures count = 500

- adc12bit
852
847
848
856
863
851
856
848
854
851
854
848
845
856
848
853
848
851
848
853
850
848
852
841
854
844
852
857
800
857
842
853
855
846
854
854
864
852
857
859
849
856
858
853
847
809
845
852
851
858
852
846
848
849
856
848
857
851
853
855
845
860
853
862
849
854
846
850
847
843
864
851
848
854
852
849
848
851
810
853
848
858
850
852
850
844
856
848
848
858
846
848
854
854
846
851
847
854
848
851
849
860
851
803
853
852
854
844
854
858
897
862
872
878
931
885
888
912
924
924
954
891
920
922
968
924
1265
1047
1134
1071
1112
1182
1158
1212
1196
1088
1273
1258
1238
1178
1388
1438
1314
1472
1283
1616
1439
1594
1430
1547
1496
1638
1776
1664
1556
1648
1620
1552
1500
1496
1530
1619
1399
1466
1511
1321
1214
1123
1069
1200
1104
1072
1030
1088
1031
938
955
1031
951
941
974
978
908
887
856
1024
856
872
866
859
