- Jet Lab

- Experiment date = 2021-11-12 10:32:15
- Number of samples in measure = 100
- Number of motor steps between measures = 2
- Measures count = 100

- adc12bit
1134
1188
1766
2178
2591
2904
3052
3264
3280
3232
3304
3228
3252
3360
3140
3245
3377
3248
3360
3344
3296
3382
3312
3302
3240
3290
3316
3372
3388
3420
3354
3332
3292
3336
3281
3348
3442
3330
3328
3296
3328
3336
3264
3320
3312
3288
3368
3315
3289
3357
3304
3236
3254
3161
3304
3232
3255
3301
3271
3435
3274
3352
3380
3246
3305
3364
3360
3284
3328
3303
3309
3396
3308
3428
3260
3320
3367
3232
3338
3224
3216
3260
3119
3008
2960
2729
2276
1725
1337
1103
960
883
882
881
878
873
877
877
876
873