- Jet Lab

- Experiment date = 2021-11-12 10:34:30
- Number of samples in measure = 100
- Number of motor steps between measures = 2
- Measures count = 100

- adc12bit
823
885
878
885
872
872
856
876
950
1033
1082
1266
1385
1706
2024
2671
3012
3053
3038
3192
3296
3206
3276
3225
3377
3244
3316
3416
3212
3314
3288
3318
3328
3252
3386
3288
3244
3312
3328
3424
3302
3328
3264
3320
3308
3286
3412
3424
3206
3264
3321
3287
3244
3288
3396
3366
3226
3252
3333
3300
3356
3312
3194
3300
3192
3278
3258
3306
3291
3352
3296
3296
3328
3276
3432
3243
3328
3408
3298
3240
3233
3336
3256
3278
3328
3328
3318
3338
3256
3174
3339
3283
3188
3263
3234
3283
3362
3257
3150
3255