- Jet Lab

- Experiment date = 2021-11-12 10:35:54
- Number of samples in measure = 100
- Number of motor steps between measures = 2
- Measures count = 100

- adc12bit
2491
2398
2347
2471
2278
2444
2560
2480
2655
2587
2623
2816
2844
2783
2873
2928
3044
3151
3118
3028
3168
3176
3204
3382
3368
3209
3266
3272
3312
3264
3320
3331
3328
3352
3450
3274
3288
3378
3272
3235
3411
3372
3277
3208
3372
3224
3298
3276
3289
3379
3320
3385
3235
3328
3275
3328
3313
3214
3218
3230
3273
3126
3340
3292
3288
3348
3224
3025
3080
3098
3072
2993
3112
2980
2914
2864
2720
2744
2713
2464
2492
2462
2392
2222
2286
2230
1826
2010
2002
1680
1732
1618
1658
1588
1520
1395
1302
1349
1389
1252