- Jet Lab

- Experiment date = 2021-11-12 10:40:47
- Number of samples in measure = 100
- Number of motor steps between measures = 2
- Measures count = 100

- adc12bit
1452
1368
1392
1436
1494
1282
1372
1433
1376
1710
1719
1636
1822
1780
1912
1932
1743
2020
1894
2010
2212
2016
2057
2016
2292
2416
2458
2660
2560
2525
2602
2848
2816
2825
2869
2880
2810
2908
3012
3089
3166
3107
3008
3174
3176
3184
3198
3148
3164
3136
3188
3148
3209
3312
3196
3153
3268
3192
3137
3200
3217
3296
3248
3242
3113
3256
3244
3227
3200
3212
3183
3136
3116
3168
3111
3125
3120
3025
3021
2864
2876
2736
2916
2724
2688
2830
2663
2756
2552
2560
2504
2540
2681
2413
2295
2276
2097
2171
2142
1995