- Jet Lab

- Experiment date = 2021-11-12 10:43:07
- Number of samples in measure = 100
- Number of motor steps between measures = 2
- Measures count = 100

- adc12bit
1778
1735
1656
1556
1584
1716
1682
1742
1816
1921
1850
1924
2099
1953
2223
2144
2172
2180
2284
2280
2296
2560
2364
2508
2400
2496
2452
2593
2788
2666
2786
2938
2675
2944
2892
2807
2890
2948
3106
3110
2996
3155
3106
3207
3032
3168
3252
3091
2963
3041
3091
3111
3170
2981
3079
3189
3161
3104
2996
3032
3022
3108
2988
2804
2968
2906
2992
2868
2621
2904
2754
2456
2652
2510
2208
2548
2358
2296
2369
2106
2249
2233
1840
2220
1902
1753
1734
1694
1966
1876
1676
1708
1696
1536
1584
1522
1486
1528
1403
1385