- Jet Lab

- Experiment date = 2021-11-12 10:46:15
- Number of samples in measure = 100
- Number of motor steps between measures = 2
- Measures count = 100

- adc12bit
1280
1527
1383
1408
1470
1280
1440
1372
1370
1580
1428
1548
1449
1615
1638
1669
1493
1713
1708
1707
1654
1712
1796
1901
1952
1928
2056
1934
2003
2146
2136
1984
2170
2346
2448
2325
2340
2320
2436
2524
2442
2480
2446
2492
2608
2552
2528
2588
2596
2535
2595
2701
2689
2672
2695
2760
2824
2903
2736
3032
2689
2832
2580
2832
3084
2820
2826
2758
2606
2880
2878
2680
2706
2673
2688
2660
2576
2608
2542
2273
2571
2266
2463
2323
2400
2097
2151
2240
2130
2188
2042
2057
2087
2050
1970
1794
1741
1723
1751
1704