- Jet Lab

- Experiment date = 2021-11-12 10:47:44
- Number of samples in measure = 100
- Number of motor steps between measures = 2
- Measures count = 100

- adc12bit
1472
1427
1446
1518
1461
1456
1574
1613
1424
1492
1430
1604
1443
1491
1566
1476
1467
1552
1713
1630
1856
1697
1481
1732
1771
1675
1756
1852
2079
2042
1928
1944
1940
1912
1951
2195
2115
2195
2285
2163
2252
2272
2314
2304
2472
2075
2350
2555
2372
2132
2337
2403
2403
2596
2476
2410
2422
2318
2444
2489
2679
2532
2081
2534
2440
2400
2535
2666
2508
2502
2692
2311
2500
2404
2474
2379
2384
2476
2213
2368
2304
2240
2222
2252
1920
2158
2016
2169
2145
1857
1895
1774
1864
1738
1595
1928
1710
1714
1834
1601