- Jet Lab

- Experiment date = 2021-11-12 10:48:45
- Number of samples in measure = 100
- Number of motor steps between measures = 2
- Measures count = 100

- adc12bit
1668
1456
1344
1361
1376
1647
1376
1568
1480
1262
1399
1612
1658
1612
1559
1548
1564
1602
1748
1507
1768
1657
1639
1662
1624
1758
1812
1768
1700
1954
1968
2076
1962
1950
1967
2044
1870
1912
1939
2144
1913
2050
2143
2108
2157
2115
2177
2136
2257
2116
1892
2386
2184
2083
2012
2120
2317
2128
1999
2106
2174
2068
1996
2104
2256
2152
1992
2243
1991
1998
1959
1962
2004
1984
2042
2190
1930
2096
1884
1976
1830
1824
1954
1840
1736
1953
1786
1824
1749
1752
1672
1648
1604
1636
1522
1590
1549
1662
1402
1573