- Jet Lab

- Experiment date = 2021-11-21 19:25:16
- Number of samples in measure = 1
- Number of motor steps between measures = 7
- Measures count = 500

- adc12bit
850
857
853
849
856
851
857
825
855
856
848
851
849
851
840
858
853
858
857
855
849
846
848
848
856
857
856
852
856
857
852
858
843
862
854
860
852
851
861
859
850
860
862
858
855
855
854
850
844
860
854
856
853
860
850
855
856
852
858
854
854
860
852
858
853
854
852
864
856
857
848
851
848
848
860
859
848
851
847
851
852
858
850
862
856
859
848
855
850
849
856
849
853
854
850
849
842
852
852
857
852
856
854
852
848
848
844
854
859
814
854
854
851
864
849
860
855
850
856
945
2488
3186
3197
3280
3230
3184
3176
3169
3342
3184
3284
3204
3200
3212
3264
3300
3278
3208
3276
3218
3100
3002
2217
924
850
861
852
857
859
858
855
850
858
854
851
864
828
860
855
854
851
858
852
847
859
864
854
854
850
856
851
864
862
854
859
856
857
861
854
864
857
869
862
857
849
854
851
854
853
854
840
848
854
859
849
853
848
860
850
857
