- Jet Lab

- Experiment date = 2021-11-21 19:39:31
- Number of samples in measure = 1
- Number of motor steps between measures = 7
- Measures count = 500

- adc12bit
849
862
854
859
856
856
860
848
856
854
856
849
850
853
851
855
850
847
861
850
864
854
854
853
849
853
852
856
845
859
854
860
854
848
855
862
864
856
860
857
855
858
852
866
859
856
848
860
854
860
849
850
851
847
862
859
855
854
854
852
853
864
854
858
853
854
851
856
856
849
850
858
860
853
852
850
859
858
851
857
857
855
855
850
858
863
860
863
855
851
854
864
858
859
856
856
856
856
843
842
844
857
854
865
854
857
860
862
856
856
858
852
856
851
860
861
860
848
852
851
842
849
844
862
850
1272
1810
2842
3148
3200
3320
3185
3238
3312
3251
3239
3208
3314
3160
3168
3268
3266
3216
3232
3164
3264
3184
3316
3114
2895
2268
962
948
960
913
885
852
859
841
851
856
852
856
856
858
851
864
856
862
860
845
853
856
854
854
863
852
856
860
856
849
854
852
851
857
859
864
858
862
861
