- Jet Lab

- Experiment date = 2021-11-21 19:40:50
- Number of samples in measure = 1
- Number of motor steps between measures = 7
- Measures count = 500

- adc12bit
849
852
852
849
855
860
855
849
852
820
850
852
850
852
854
857
852
845
852
849
852
858
852
860
844
845
801
854
860
856
855
856
857
845
854
849
850
850
851
859
851
854
852
852
850
860
856
852
857
855
855
853
844
815
856
860
851
860
859
852
858
859
857
817
864
856
856
856
851
853
854
851
852
859
851
857
850
857
854
857
807
844
854
850
838
850
856
849
851
849
846
851
860
850
844
858
851
847
848
858
849
849
854
857
854
855
856
866
856
856
852
857
852
809
864
848
865
850
847
836
855
892
906
870
1076
1084
1348
1725
1760
2034
2639
2844
2778
3075
3112
3160
3172
3183
3240
3248
3217
3200
3244
3188
3264
3142
3161
3148
3028
3032
2996
2526
1953
1801
1498
1206
1228
972
951
875
865
828
853
845
849
848
851
851
846
853
848
863
850
854
854
856
848
854
805
853
860
845
848
856
848
854
850
860
846
855
