- Jet Lab

- Experiment date = 2021-11-21 19:42:24
- Number of samples in measure = 1
- Number of motor steps between measures = 7
- Measures count = 500

- adc12bit
860
850
855
852
857
857
856
861
852
855
853
856
859
854
857
856
852
853
857
847
802
859
853
852
844
853
849
852
851
846
808
848
853
854
850
858
856
819
851
854
854
863
852
851
854
851
852
859
848
847
855
841
846
859
815
855
857
856
842
848
846
849
857
847
796
831
851
856
851
848
851
845
843
852
852
854
856
858
855
850
851
810
864
854
854
851
848
854
857
851
855
858
852
844
850
855
849
856
851
855
849
852
854
844
856
855
860
851
843
862
868
857
860
896
892
896
923
1024
909
1065
1094
1002
1109
1195
1232
1601
1776
1733
1880
2315
2143
2400
2632
2690
2971
3027
3003
3084
3144
3020
3105
3064
3114
2948
2880
2776
2664
2627
2452
2060
2166
1666
1675
1440
1182
1014
1025
1054
1018
929
942
870
874
860
854
860
855
850
856
856
844
850
842
854
871
859
857
857
848
854
850
849
856
868
838
861
860
858
856
856
