- Jet Lab

- Experiment date = 2021-11-21 19:43:38
- Number of samples in measure = 1
- Number of motor steps between measures = 7
- Measures count = 500

- adc12bit
855
848
844
853
848
853
848
846
852
846
838
847
852
847
840
852
854
851
853
855
857
859
853
864
856
851
854
851
848
805
849
858
854
858
856
852
848
860
854
819
858
856
857
850
858
861
857
857
856
850
846
854
856
858
848
860
849
857
851
856
849
854
856
843
858
853
845
857
855
852
845
858
848
860
855
845
849
844
856
852
856
857
852
848
848
856
854
860
848
851
852
854
852
854
844
858
844
852
860
858
850
862
851
855
851
867
858
874
848
904
860
879
847
926
893
950
1053
979
995
1062
1018
1126
1272
1124
1211
1304
1524
1514
1664
1896
1866
2032
2077
2093
2314
2381
2464
2502
2710
2808
2942
2895
2880
2771
2486
2822
2496
2604
2396
2278
2084
1882
1736
1531
1414
1319
1035
1127
1091
1002
923
1002
960
908
877
868
863
857
842
848
874
859
840
848
856
846
848
851
855
854
851
852
854
860
844
856
845
861
856
852
