- Jet Lab

- Experiment date = 2021-11-21 19:44:28
- Number of samples in measure = 1
- Number of motor steps between measures = 7
- Measures count = 500

- adc12bit
848
856
853
852
850
852
848
847
848
829
856
845
853
854
856
846
844
855
852
846
854
852
851
848
845
858
848
854
854
855
844
854
856
856
805
852
852
850
854
860
857
857
854
856
849
852
848
853
860
854
860
856
851
856
846
851
859
857
853
864
851
854
858
854
848
859
855
852
849
854
855
846
856
849
850
854
853
856
850
859
847
850
844
854
852
852
858
846
855
851
846
851
848
844
852
848
794
848
847
846
858
852
856
858
864
857
851
860
854
878
893
986
1017
893
1016
894
1000
1132
1020
1268
1185
1073
1305
1352
1459
1567
1511
1705
1636
1713
1851
1612
2060
2228
2128
2404
2452
2435
2472
2450
2653
2656
2648
2588
2691
2488
2291
2029
2156
1852
1712
1691
1653
1408
1288
1314
1296
1191
992
1064
982
944
960
950
875
923
856
888
864
862
802
847
852
848
854
849
856
845
827
858
855
857
855
852
855
851
855
846
855
856
